
ozone
**********************************

clas

80,49   
80,18
76,09
75,13
81,13
77,65
79,88
75,16
76,40
77,36

red

0    
18,33 
78,88 
73,33 
48,61 
72,22 
68,61 
82,22 
79,16 
79,16 

agregado

40,24    
49,26    
77,49    
74,23    
64,87    
74,94    
74,24    
78,69    
77,78    
78,26    

tiempo

0.0022
0.0206
20.484
50.581
55.792
46.964
49.492
47.178
46.556
46.508

parkinsons
**********************************

clas

96,41
96,41
93,33
92,30
93,33
88,20
90,25
90,76
88,71
87,17

red

0     
3,636 
80    
80,90 
62,72 
87,27 
79,09 
88,18 
87,27 
86,36 

agregado 

48,20    
50,02    
86,66    
86,60    
78,03    
87,73    
84,67    
89,47    
87,99    
86,77    

0.0005
0.0034
0.8187
6.4056
8.0484
6.2030
6.6227
6.3378
6.0268
6.2963

Spectf-heart
**********************************

clas

70,78
73,38
73,79
73,00
73,02
70,04
72,30
66,24
73,40
73,41

red

0     
39,54 
73,63 
68,18 
45    
73,63 
62,72 
81,81 
80,45 
74,09 

agregado

35,39   
56,46    
73,71    
70,59    
59,01    
71,84    
67,51    
74,03    
76,92    
73,75    

0.0016
0.0106
8.2686
24.387
26.651
23.213
24.342
22.832
22.523
22.21 