
parkinsons.arff
********************************************

SimulatedAnnealing
tclass / tasa_red / funcion / tiempo 
87.1795  90.9091  89.0443  1.49899
89.7436  90.9091  90.3263  1.52769
94.8718  81.8182  88.345   1.80094
82.0513  86.3636  84.2075  1.64341
87.1795  86.3636  86.7716  1.62671
88.2051  87.2727  87.7389  1.61955


ILS
tclass / tasa_red / funcion / tiempo 
89.7436  81.8182  85.7809  5.02358
87.1795  81.8182  84.4988  4.86235
94.8718  77.2727  86.0723  4.83172
94.8718  90.9091  92.8904  4.82286
89.7436  86.3636  88.0536  5.52585
91.2821  83.6364  87.4592  5.01327

DiferentialEvolutionRand
tclass / tasa_red / funcion / tiempo 
97.4359  90.9091  94.1725  10.4388
89.7436  90.9091  90.3263  10.2566
97.4359  90.9091  94.1725  10.1559
92.3077  90.9091  91.6084  10.0494
92.3077  90.9091  91.6084  9.93982
93.8462  90.9091  92.3776  10.1681

DiferentialEvolutionBest
tclass / tasa_red / funcion / tiempo 
87.1795  86.3636  86.7716  10.3094
84.6154  86.3636  85.4895  10.2611
92.3077  81.8182  87.0629  10.6388
84.6154  86.3636  85.4895  10.5405
92.3077  90.9091  91.6084  10.093 
88.2051  86.3636  87.2844  10.3686



********************************************

ozone-320.arff
********************************************

SimulatedAnnealing
tclass / tasa_red / funcion / tiempo 
71.875   83.3333  77.6042  12.6039
71.875   81.9444  76.9097  12.1561
70.3125  80.5556  75.434   12.629 
80.9524  76.3889  78.6706  13.4935
74.6032  83.3333  78.9683  12.5171
73.9236  81.1111  77.5174  12.6799


ILS
tclass / tasa_red / funcion / tiempo 
67.1875  75       71.0938  78.3406
81.25    73.6111  77.4306  76.9956
84.375   75       79.6875  77.498 
73.0159  87.5     80.2579  76.796 
74.6032  86.1111  80.3571  77.6614
76.0863  79.4444  77.7654  77.4583


DiferentialEvolutionRand
tclass / tasa_red / funcion / tiempo 
73.4375  88.8889  81.1632  80.9762
73.4375  90.2778  81.8576  82.2313
81.25    91.6667  86.4583  81.6476
66.6667  94.4444  80.5556  94.119 
73.0159  91.6667  82.3413  95.7198
73.5615  91.3889  82.4752  86.9388

DiferentialEvolutionBest
tclass / tasa_red / funcion / tiempo 
78.125   66.6667  72.3958  94.8359
78.125   68.0556  73.0903  94.1305
79.6875  77.7778  78.7326  86.7621
76.1905  70.8333  73.5119  86.6538
85.7143  66.6667  76.1905  89.36  
79.5685  70       74.7842  90.3485




********************************************

spectf-heart.arff
********************************************

SimulatedAnnealing
tclass / tasa_red / funcion / tiempo 
70.3704  79.5455  74.9579  6.45208
74.0741  81.8182  77.9461  5.68722
81.1321  75       78.066   6.73831
73.5849  84.0909  78.8379  5.78273
73.5849  84.0909  78.8379  6.48885
74.5493  80.9091  77.7292  6.22984

ILS
tclass / tasa_red / funcion / tiempo 
74.0741  75       74.537   31.5507
68.5185  68.1818  68.3502  31.7445
73.5849  75       74.2925  32.7871
73.5849  79.5455  76.5652  32.1238
71.6981  81.8182  76.7581  35.071 
72.2921  75.9091  74.1006  32.6554

DiferentialEvolutionRand
tclass / tasa_red / funcion / tiempo 
70.3704  93.1818  81.7761  36.4725
70.3704  90.9091  80.6397  35.332 
75.4717  90.9091  83.1904  35.4253
75.4717  90.9091  83.1904  34.7963
67.9245  93.1818  80.5532  39.9181
71.9217  91.8182  81.87    36.3888

DiferentialEvolutionBest
tclass / tasa_red / funcion / tiempo 
81.4815  79.5455  80.5135  36.4898
83.3333  77.2727  80.303   36.4285
71.6981  72.7273  72.2127  37.7645
67.9245  79.5455  73.735   36.9973
66.0377  63.6364  64.837   39.5077
74.095   74.5455  74.3202  37.4376







parkinsons.arff

SimulatedAnnealing
tclass / tasa_red / funcion / tiempo 
87.1795  90.9091  89.0443  4.41637
89.7436  90.9091  90.3263  4.38504
71.7949  90.9091  81.352   4.35757
92.3077  90.9091  91.6084  4.04601
89.7436  90.9091  90.3263  4.15329
86.1538  90.9091  88.5315  4.27165


ozone-320.arff

SimulatedAnnealing
tclass / tasa_red / funcion / tiempo 
75       84.7222  79.8611  83.4412
62.5     88.8889  75.6944  84.0807
78.125   91.6667  84.8958  81.4337
74.6032  83.3333  78.9683  86.2562
80.9524  87.5     84.2262  84.0006
74.2361  87.2222  80.7292  83.8425


spectf-heart.arff

SimulatedAnnealing
tclass / tasa_red / funcion / tiempo 
66.6667  93.1818  79.9242  26.5623
85.1852  79.5455  82.3653  31.668 
69.8113  86.3636  78.0875  29.58  
77.3585  90.9091  84.1338  27.7446
77.3585  90.9091  84.1338  28.3711
75.276   88.1818  81.7289  28.7852


