BL
tclass / tasa_red / funcion / tiempo 
89.7436  81.8182  85.7809  1.13783
89.7436  81.8182  85.7809  0.823633
100  72.7273  86.3636  0.598765
92.3077  90.9091  91.6084  0.961671
94.8718  72.7273  83.7995  0.576773
Media
93.3333  80  86.6667  0.819735

BL alfa = 0.2
tclass / tasa_red / funcion / tiempo 
89.7436  81.8182  85.7809  0.569243
79.4872  90.9091  85.1981  0.827177
92.3077  90.9091  91.6084  0.665967
92.3077  90.9091  91.6084  0.896655
64.1026  95.4545  79.7786  1.09578
83.5897  90  86.7949  0.810964

BL alfa = 1
tclass / tasa_red / funcion / tiempo 
94.8718  27.2727  61.0723  0.453785
100  27.2727  63.6364  0.547142
100  27.2727  63.6364  0.453041
94.8718  22.7273  58.7995  0.679096
100  31.8182  65.9091  0.502912
97.9487  27.2727  62.6107  0.527195