
ozone-320.arff
*************************************************

1-NN
tclass / tasa_red / funcion / tiempo 
79.6875  0  39.8438  0.00253356
82.8125  0  41.4062  0.00212159
81.25    0  40.625   0.00210815
77.7778  0  38.8889  0.00210392
80.9524  0  40.4762  0.00207915
80.496   0  40.248   0.00218927

Relief
tclass / tasa_red / funcion / tiempo 
82.8125  13.8889  48.3507  0.0215439
78.125   18.0556  48.0903  0.0203975
79.6875  19.4444  49.566   0.0190187
80.9524  13.8889  47.4206  0.0201936
79.3651  26.3889  52.877   0.0198432
80.1885  18.3333  49.2609  0.0201994

BL
tclass / tasa_red / funcion / tiempo 
79.6875  79.1667  79.4271  16.6527
76.5625  81.9444  79.2535  26.1053
75  70.8333  72.9167  21.2323
71.4286  77.7778  74.6032  16.2672
77.7778  84.7222  81.25  22.167
76.0913  78.8889  77.4901  20.4849


parkinsons.arff
*************************************************
1-NN
tclass / tasa_red / funcion / tiempo 
97.4359  0  48.7179  0.000321336
94.8718  0  47.4359  0.00029687 
94.8718  0  47.4359  0.000285806
97.4359  0  48.7179  0.000284355
97.4359  0  48.7179  0.000284455
96.4103  0  48.2051  0.000294564

Relief
tclass / tasa_red / funcion / tiempo 
94.8718  4.54545  49.7086  0.00399081
94.8718  4.54545  49.7086  0.00329052
97.4359  4.54545  50.9907  0.00356774
97.4359  4.54545  50.9907  0.00319837
97.4359  0        48.7179  0.00410999
96.4103  3.63636  50.0233  0.00363149

BL
tclass / tasa_red / funcion / tiempo 
89.7436  81.8182  85.7809  1.13392
89.7436  81.8182  85.7809  0.81492
100  72.7273  86.3636  0.604679
92.3077  90.9091  91.6084  0.960624
94.8718  72.7273  83.7995  0.579607
93.3333  80  86.6667  0.818751




spectf-heart.arff
*************************************************
1-NN
tclass / tasa_red / funcion / tiempo 
75.9259  0  37.963   0.00097846 
64.8148  0  32.4074  0.00168428 
67.9245  0  33.9623  0.000983229
71.6981  0  35.8491  0.00120115 
73.5849  0  36.7925  0.000969078
70.7897  0  35.3948  0.00116324 

Relief
tclass / tasa_red / funcion / tiempo 
83.3333  38.6364  60.9848  0.00991076
70.3704  38.6364  54.5034  0.0112482 
69.8113  36.3636  53.0875  0.00960097
75.4717  43.1818  59.3268  0.00972485
67.9245  40.9091  54.4168  0.0115647 
73.3823  39.5455  56.4639  0.0104099 

BL
tclass / tasa_red / funcion / tiempo 
72.2222  63.6364  67.9293  5.52716
72.2222  68.1818  70.202  10.1187
71.6981  75  73.3491  8.08068
71.6981  81.8182  76.7581  10.3829
81.1321  79.5455  80.3388  7.23395
73.7945  73.6364  73.7155  8.26869
















