ozone-320.arff

Relief
tclass / tasa_red / funcion / tiempo 
82.8125  13.8889  48.3507  0.0198189
78.125  18.0556  48.0903  0.019518
79.6875  19.4444  49.566  0.0202183
80.9524  13.8889  47.4206  0.01949
79.3651  26.3889  52.877  0.0195486
Media
80.1885  18.3333  49.2609  0.0197188

Relief Modificado
tclass / tasa_red / funcion / tiempo 
84.375  37.5  60.9375  0.00676246
79.6875  41.6667  60.6771  0.00633829
75  50  62.5  0.00655425
84.127  50  67.0635  0.00611316
73.0159  66.6667  69.8413  0.00637275
79.2411  49.1667  64.2039  0.00642818



parkinsons.arff

Relief
tclass / tasa_red / funcion / tiempo 
94.8718  4.54545  49.7086  0.00715583
94.8718  4.54545  49.7086  0.003429
97.4359  4.54545  50.9907  0.00315992
97.4359  4.54545  50.9907  0.00356535
97.4359  0  48.7179  0.00669926
Media
96.4103  3.63636  50.0233  0.00480187

Relief Modificado
tclass / tasa_red / funcion / tiempo 
92.3077  13.6364  52.972  0.00173975
92.3077  22.7273  57.5175  0.00103621
97.4359  31.8182  64.627  0.001026
100  31.8182  65.9091  0.0010469
97.4359  4.54545  50.9907  0.00136956
95.8974  20.9091  58.4033  0.00124368



spectf-heart.arff

Relief
tclass / tasa_red / funcion / tiempo 
83.3333  38.6364  60.9848  0.0127941
70.3704  38.6364  54.5034  0.00941529
69.8113  36.3636  53.0875  0.00958456
75.4717  43.1818  59.3268  0.00879713
67.9245  40.9091  54.4168  0.00962424
Media
73.3823  39.5455  56.4639  0.0100431

Relief Modificado
tclass / tasa_red / funcion / tiempo 
79.6296  56.8182  68.2239  0.00313355
68.5185  43.1818  55.8502  0.00346725
71.6981  45.4545  58.5763  0.00279729
77.3585  43.1818  60.2702  0.00345645
73.5849  45.4545  59.5197  0.00327209
Media
74.1579  46.8182  60.4881  0.00322533
